1.097429821777661
3.941605052989601
0.5045092551054537
0.27376879834725987
1.5846255015469977
3.781609770534611
0.7967544738248891
2.696032367351669
0.6923580179259359
2.4571960560501918
2.500777830080911
1.3711539728882975
1.065631269571158
1.2400711400198485
2.532183965012309
0.6016734530525012
4.796216646824043
4.234842477419991
3.748818251647494
0.21462088182600425
0.6628597790580617
2.0951061864910354
0.2573375143678094
3.5350323021646552
-0.13867128531296125
0.6898528055057631
1.8772348057695263
0.34075652148204894
2.0574893492498116
0.08747787107690641
0.3485681569341912
-0.06335737673981567
1.9578308889867362
6.456765916263835
1.4569592776206894
0.5237442732194904
4.633863583663083
-0.14894132193481857
1.4702565741417093
2.9117478388309523
0.5980114731608515
0.020636654763308115
0.7045247302212427
-0.40209661595721613
1.1610817939931852
2.1517374049022333
5.439956030992237
1.5537585693189166
1.5969722353663514
6.598741339103453
0.47021352377617776
5.202930486262167
0.7278912437861553
0.6945655178660601
2.8185553411652196
0.3198669223618684
0.8978800565493841
1.9333101056906843
2.0505677819470733
1.3026908964940738
0.926801487034723
1.6067234360938771
2.565537365013723
0.35669498473879324
4.616801506177651
0.3069752877403369
2.196004857980241
2.3173740975306503
1.018262470978466
-0.5704559207233406
5.745537517962802
2.565891103952107
2.986339097344442
4.318261385613477
1.401538695105649
4.5620024239457715
0.2961383609979058
4.424657788347205
7.564213195186145
6.76687665945977
1.9873682683413634
0.5575282573376952
0.7074082494094691
0.7024161636663648
3.9307760912089194
1.0073271914853024
1.9562295477591087
2.6253288276618143
2.3687761704869175
5.194898313733802
1.2549026127048846
0.5806427190877148
0.8975150005132373
1.4572889275161538
0.06518032279621888
-0.23214339854558697
-0.0524919566796167
11.44990101631384
0.5921677943276973
3.395202946000744
-0.14068138885884274
0.614576006152503
0.8590801796867775
2.6587706468473904
1.9473407389956874
5.144162227013529
0.9495955595500285
0.673503349567981
0.19164162419638675
0.7249173378332578
2.3927828511966682
3.2524166633825526
2.8807424660534773
0.8184006914565161
1.912070969056833
3.279179772209199
-0.017329642967267134
0.614753670596849
1.6599147680287132
1.8623330115326926
4.990961156420704
11.475839693371018
5.287534030447977
1.1365240414327218
4.150925583878699
1.6519465562471316
2.6797245171165383
1.832417459245221
3.968970723478199
0.042366984395126206
8.441943030755251
4.956831201705575
0.9768554429960221
0.666567552409759
1.635873276593598
7.636119410329863
2.0257270852191187
2.852190196036828
10.259755602921445
1.7287012345679011
0.5111825408716504
0.21286118788038477
2.1126461487340107
3.8051960559697475
0.07178787720303159
1.7137423973102548
8.157398587573436
-0.46914951154569984
6.353641276543547
1.3502985207470646
2.1778067636739085
2.5713318019756413
2.8821138832471176
2.1348722970025618
1.1615572440966826
9.287207970119058
1.0570183797250152
0.40303160268519855
0.4587355188462454
1.9508251688146618
3.2644721130768675
0.3892578261962849
6.486276087043187
1.7912344987889286
-0.14795688910620308
1.6019059853468764
1.3177113892560888
0.3577784764073786
-0.41845177680294077
1.3583253138463576
10.147727222779206
1.9303782582068436
2.037887010120012
3.070670455050797
0.8918962357109836
4.714938811679964
1.2027494657034428
0.23131496202600577
2.214888127117721
1.3275872702879257
3.082139817219593
0.03182489737993466
0.7937012712252525
5.173988803791918
6.496474019690176
3.5416285654274287
3.6079974189929356
0.6702126588935724
3.085959662845127
1.6558966581769008
3.5346044943964943
3.1924057548716123
0.6132448260195256
1.9021416827110542
1.5754781534354976
8.753803012502155
3.1344069531626966
0.6899732860409258
3.8953362745019264
-0.21632765247476327
3.6695089632408555
0.9297065495986692
2.2596482419245945E-4
5.970758543887287
1.2025284130640816
3.74223877441145
1.8732576641259815
6.803088901694265
0.7693060252702164
0.7738381265282301
2.913631865562013
9.348370826365695
0.8042178854056008
3.639588626228994
0.42548363452598625
2.177196651571186
5.206383370539021
1.6960412796616806
4.2012734182957105
1.3671431518443695
0.324900027584448
0.3350692111206657
0.8300967555408132
7.559428863613094
3.3714965818319387
3.932659419434363
4.30863117626533
8.679501889136176
3.9451346981703006
0.10490626921215584
0.5577634488602294
4.561849019151432
5.1218175063099345
2.7312787036946737
2.878051705075009
3.2531843780324854
1.7067992258831541
0.08883122762356388
3.847530555953898
0.8620271662580659
3.289793469536721
4.764208787493838
6.937986959990857
2.663147751183219
-0.2863722179662518
-0.2962212720652553
0.1033032992032128
0.31092754137047596
0.42751574493195266
0.21612001659212687
0.15794039535658033
8.861296337368087
0.3287159084738067
-0.17595698313259645
1.7641960965326664
0.2615185798369444
7.016052327279665
1.4090738909005474
0.4352945497932117
1.1604667809312907
0.7693909076159904
1.3245698263777586
1.4479092582644242
4.0050789099352055
0.9257098230133027
9.205114373666806
0.18564064057363483
0.21074327973325824
4.282987931851754
0.8916390271209522
3.0810821575067644
0.8414363752909182
5.330761490654018
0.7251563721594043
-0.025063889844016973
0.20293671218152776
2.7849452598713604
2.1343106158943908
3.5249665185049883
0.379988686956533
0.28388310791156
-0.21906593342089442
6.538494338370148
4.495949661889447
0.5157574082409893
1.875482783948577
0.2558485084548421
6.1485123447825725
1.7373591529358476
-0.5117480702576058
0.4053671984700027
0.5203983620188177
1.6333604265810537
0.1521187656849472
0.738365096927839
4.392225369428813
0.4318532429349573
0.4166156016386857
2.404437441302048
4.404760151637051
0.24577785810791575
0.46166235333124517
0.8170355694617917
0.33391418857900135
3.093524067303716
4.119960066486702
-0.22357347043966058
1.3696313762435421
0.254867763431903
-0.06436566879054917
1.4007620717705835
1.8744603415711314
-0.3036710951137058
1.890741828852133
1.4229237056972686
8.314201030779317
2.471549872836741
3.222501279188662
0.869905037187519
1.1821564390656736
4.8988494125543784
1.6673331033230063
2.5139506840234978
1.3800448199999886
1.9211509689365691
-0.1667964155673669
1.728269939768028
1.7378000349780311
1.235117550184473
0.24610799031540997
6.48716878428827
0.9954924295862342
1.4771322518947043
3.598535892426054
2.060860736098653
8.557055064426693
0.9996775948833756
1.8309933085063124
2.016177943519872
-0.556560078527172
1.7754673031812045
3.9062297298251334
3.7238716819015787
1.501016037973752
3.4644206885943998
0.8863215126660022
0.6134738108966507
0.6901767841461193
7.148102751125872
-0.1255962744406669
2.12928429898934
0.4494247622524221
5.046491634824578
5.5948213163194005
0.6717088855200748
2.001654646816638
0.28951275648735875
11.832071070505883
1.9560204772152536
4.693711946921149
1.5666105044448813
2.5240847891949816
0.07326716913069653
1.8766650824337159
4.606940825704263
7.550503779433948
1.4159026598513424
1.2596934193612768
-0.08365138839315067
0.5091043071311088
0.589965069141738
2.208280035444587
0.761520854524262
0.5763762767411573
5.828923831792899
2.697554681841975
-0.0021215843526145584
1.903469415561978
0.8711562415266978
2.766421033980513
2.510822735887314
5.748415938230657
6.781886491231271
0.4539737426035497
3.261421523559531
5.292136484250381
0.7588144755749315
1.255375775179819
2.0113521108051726
3.376204588239351
4.064605504672436
4.148640303366209
0.9269349838318726
0.6820608446439098
0.5381586511117322
2.770483402051484
1.8226245592087649
0.8865044838339524
0.14149779766388715
0.07884478513924131
1.918932024158563
0.8860064161518397
-0.04183307012822146
0.6581599166698817
2.058212599120319
2.50102307708587
0.48749052678510374
0.3480721329009566
4.038429052630572
2.742100168697526
0.3618383815401591
0.975350932805997
3.170461870582579
2.609414576722556
0.8589924149836632
1.549788805917606
0.2041724134689442
2.314983151098124
0.5416811480484682
4.551645218664988
0.17254054663450935
-0.04232225085110208
6.820760966080199
4.592009028702785
1.3668898516180565
0.905175450818624
1.219617425525393
0.8354072502672611
1.4556086176433993
2.4817148003631084
1.9379585557524468
0.5613494032959041
0.8810314221637197
1.5899777771023373
-0.006800907147018975
2.2747555146230365
2.3232786943689954
0.044566020687376806
2.6688525699229135
4.2347931018136595
0.44264282484258066
0.42727640428747016
-0.3044475877273438
1.180147115668536
1.1480594095209655
2.0838613793298233
-0.04107156007446333
7.2079699248120335
7.069669574898109
2.1238616279844464
0.9125009088633758
1.1307928424033644
0.7846678276639474
1.527940816639802
2.165132842128912
2.3774015997764915
1.3977480203946975
5.137546272395809
-0.08722145797152514
7.012180091362252
2.1339698553493998
1.9202098401493153
3.179255826755867
0.06296522075292899
1.8417522894551919
1.6155274576931902
1.1817383143052496
4.195158314736772
1.575953200902605
5.025165122340674
3.7007462094646533
0.1705743505306554
4.558539786905958
3.598087625729737
1.0937620934841785
9.073488523670955
4.2616594709463245
2.440989481557782
-0.05059556169974799
2.2391763018464594
1.1610198482107172
0.49016172912948575
0.07799658036677437
0.45078244254585664
0.37364568017923494
3.4038197459486605
0.4421515347685734
1.3515669274060036
0.5114681480953092
1.2636107818035445
4.15617872425202
7.4930132765888615
0.4224627311269207
2.034896730021261
-0.29100717823523237
0.45042451937086314
0.5093048144707764
2.5265213969402547
2.1723868544138796
2.1869996053156084
0.8793370120685222
0.9454305255352482
3.0747664252608775
2.1826472205250056
0.016276294751527143
-0.15825648401722026
1.7273364372154774
0.3050899076772331
-0.4039329397612148
1.4532471638097029
0.5076467163567617
1.3260768610789926
3.965314147274368
1.5278049299473295
1.1340017248496084
1.4901665214461666
0.33105087092020824
2.549343621690232
2.17934766645286
3.447330038154698
0.33292230724493965
2.518750660664309
4.715077933230738
1.7971681239147612
0.7168749117315296
1.595746943974249
4.705476489412913
-0.23852433019368036
1.0325767569866215
2.0262045569113427
2.210290465681747
0.49853554836984815
0.9294540131297904
1.072893732545623
5.424188555438098
-0.1499103768414649
5.238538749859185
1.4498694270649812
5.5090598589771975
0.9498005270925742
-0.1441802269158523
3.024947502931667
1.2015830827525553
0.5598331065759625
0.9700541428332814
0.21357641443573527
1.754668547647559
1.497433469130649
0.07977466214919149
-0.30335089322760034
1.0446682983061617
0.555206154067514
2.187931806701612
0.28973573795240704
0.17282157146260602
4.442278898202369
2.8255209097511775
10.092865232018982
1.2904072043688215
0.4184693756810507
2.4843173146777398
-0.044229892206204546
1.7969092140865461
1.9010299814717566
8.421883209068085
2.5581578247398236
2.1824332822892787
3.8193016465555116
1.2413081162791286
2.3411633089026314
4.266148309677572
3.7306826857755073
3.665271860508887
6.57871942673731
0.5094012146305928
1.1730842676723992
0.14653173696973187
1.858400026210326
3.490752136337317
0.29059601978748484
6.614163710642373
0.009952644743188799
2.153303493607993
1.8313953557830054
12.063963208665752
1.3797217157907342
1.1656149507168507
0.8940378665162885
0.2294830819707272
9.006665110738442
3.883081461488075
2.843029564311414
1.7479665569520977
3.9181075153844995
2.322818185780667
0.38507285012490966
0.021547823185728898
1.5950351433107341
2.8563931681751065
4.952345173549766
0.5768529574521071
-0.175435467309613
0.9398080895620766
2.75474036409872
4.079315752684889
0.05127618514720744
5.701489681902833
6.1928132530433295
3.0909373522134107
1.3968603514349418
2.408453836403522
0.841134984008753
2.4874985705023613
1.8937388719348238
6.734326121206864
1.9978019158349172
1.557309086857682
1.9903231167026822
4.125184441317832
-0.34620406387012004
0.9415668851313872
-0.08168567155518058
0.36648935117275183
1.8217569250821972
-0.08218089524282668
2.8247612634612143
2.0729193344571524
2.685960947572733
3.4002889348604324
0.42451194853064633
1.6447477862899227
0.057741155958360046
1.4950959012447003
2.8521196188001285
0.7011302814234015
2.5421298860480714
1.557557263562364
3.2181161616628415
5.11091723492439
0.7028899230645762
6.485973283936474
1.3428593291768802
0.28130157755065355
0.34295900654071865
3.119849980904326
1.3029967039142232
0.7250565385520007
0.4240530566160663
1.7525129562032529
-0.1585813419183375
3.041680177345853
1.6795063534988568
0.46195059031999675
0.24454010212383892
7.0649050010897465
7.96829946766332
4.085029488187241
3.227171135877393
1.5456720100113577
0.1754442084730261
0.36963228729289677
8.010487155264947
2.0921174710855626
1.5806766679771425
0.5768333406078536
1.7243629608322415
9.366071906170834
-0.352822710049316
1.257585849346432
-0.3864761877783631
2.5455067345748583
2.9557113408378735
5.0788975176726385
0.32783196455533314
12.84991670940787
-0.12656052491445102
-0.20227399324705564
2.422333426468434
0.03257846590453628
1.4131841231919413
4.564433570837251
0.5984975840099964
3.2496848496791255
3.003698102720019
1.3940839654423645
2.783310876696949
0.8285834073767688
1.7855396936291346
0.9572715257269708
3.851750831693387
2.73303850660234
7.785187488167551
3.5694105038928665
1.113942210290804
0.39874072789455184
8.432782419562152
0.544485114240465
-0.06840880559723006
0.6507098913825868
0.6566493681895889
5.1920012369755035
2.294956326810695
0.18920278964298154
3.5899204927391652
1.1292497436535296
-0.13181144387630894
6.5121325092977145
0.6913534384916384
1.8855906028465128
1.757480565806941
3.3230201274661155
1.1508943914393486
5.537380479662925
0.48412934457340606
0.10901369641191705
0.9697499855904708
1.8806529899369702
1.0476862118513708
5.513822859347247
5.740739639618273
1.9746467617790167
0.5074749235888398
0.028384153205864848
1.4245920991196694
0.4873596256816928
7.765739201162049
0.48501367609947277
4.747024399649553
1.6996702343300623
0.3743405277354479
3.032006402281854
1.9086373738044173
8.998280604157147
1.0279309378899208
2.864321249276639
1.2900024084578376
3.280822030452531
0.23473906086443375
0.1425223829911899
0.4984595922384867
0.488815343184577
3.292185610588338
2.7655783342567934
1.708199553711255
4.166222054691469
3.202617272620965
2.8348995021017593
0.3801543151433733
0.01720156885315216
0.31540737130235064
0.5491716948297416
1.8899366029273912
2.553825150049061
3.2474562624528147
0.5819367946624636
-0.7201417769974996
1.3951587713445956
0.5535250573354906
1.226610401251179
1.0842747218236157
1.0503933923113502
3.486951905048734
3.8273549141836156
0.6256686728095096
5.719487677786139
1.223877557712438
1.396767148676866
0.9077926519794732
2.082150322247128
0.9023266639900731
0.7333299501041473
1.6486922635827463
1.3733945251016824
0.28397179363497527
5.359641466054764
-0.21237061311920558
5.140682235489592
0.587587959887093
-0.28975742856199904
0.9652481775163579
1.9622598042382267
1.3746433016377555
-0.1693046844210251
2.6612948588296543
-0.021086873586699806
0.6573862221811728
1.9804603090652995
1.3233455721673169
5.506284149486241
0.8301491017588591
-0.05219467506324227
2.740755242090702
0.047858269958864774
1.749781004754574
1.2888931508050234
0.12450944032987143
0.014236842105263658
0.854606401570603
2.1291456852020545
0.3360752838772396
1.1393480774139313
1.0684422155779698
2.9346008216013892
-0.10572584140073404
0.30399706506408863
0.322451717846457
0.1251250840779683
1.9372303322548863
1.5878865694805242
0.9969591105035582
0.8998676841835933
2.7703714669683306
0.2825763996538533
4.615867782279324
0.5435571816804248
1.5742511415335345
2.0226388117875613
1.1471747226168088
2.2019427853152767
0.4264857428915385
1.650164738304217
1.30971859456778
0.6590078516786062
1.0349699791423799
0.7307255640338415
3.087610424785453
1.4980679959219643
8.183092716132053
4.748002080292653
0.18638906132061317
1.0336606279957579
0.17565725099966478
0.9026250705554264
3.2511696484381396
7.051792862210238
3.276940665077876
3.35233515955402
0.01747007160363001
1.3480931359554873
1.8288469999739654
2.1686660438701697
1.7478197044416826
-0.3461105636089403
-0.3750825836488416
7.002025497252379
1.0438263420332934
-0.04968401406214884
0.5260617497071447
0.8296875845241449
-0.16077313376679037
0.560911580695175
0.8918767029657872
1.4732241995230835
2.899298883795314
9.97501638932691
3.2375496013071947
3.773566823101403
1.9380709621502898
4.253657880477953
3.440568835565905
6.280443889705689
0.09172074952423426
2.2238326128282946
0.306765715862352
-0.6321022570676602
7.593664872427839
1.0086580033532995
-0.09037942735022364
2.42235849646143
2.2036196856136847
1.0423963830567402
0.7792360534927467
1.641906862761096
6.253046887924379
2.724867778897858
5.390562231824873
2.36925981948273
3.9003142798933492
0.04041966744907999
0.6646940033919768
-0.25754249706229704
-0.41069006965979415
1.9346137798123335
9.539906277049623
0.23086478217343043
0.5630271653393102
-0.18045963980956303
2.6883519623517325
0.8377418698494647
0.27717946485909506
3.109506216186576
-0.1347250476072892
-0.11974511304483615
6.5539993278350845
0.15256778846366847
0.486978125617588
-0.3339347552474736
0.29279937244450593
0.16041509183056935
3.170782575272713
0.6043887547801816
-0.19455424207047
3.9259836446304845
4.852254693024905
2.392539060700659
5.89801612830008
2.0577931066825297
0.5179834269272328
10.28484974596621
1.2550397293023954
0.322898133828732
1.2886728387220447
0.7614753797745499
5.215344781595393
2.4397435066059865
1.5424877226809581
4.234928446264844
4.736933879904544
2.9999609079880987
2.4989461518473917
-0.1522277624719961
-0.0711168191751268
0.32146401036454275
2.3021970209916143
2.387633500827068
6.406905047718032
0.4296761321587059
1.2681839180165282
2.287784417424624
1.4844079439862732
4.179692080827701
1.7324312313395875
0.5943974209425709
0.9838332516667156
0.9176735036171491
3.208629995678323
6.097729710184371
-0.010687304839520184
0.536990975367706
1.563084134366596
0.11772550424430994
0.3742025143159262
0.5019919918789748
3.6188841253518502
3.26731767573442
5.0833557117109684
2.762982972195152
4.002578337683374
3.160507289705903
4.830199726107754
3.324355816136105
5.003123386788715
