0.07359865741640455
0.08304729919611073
0.07071119061540511
0.06472759740841198
0.06102061019925572
0.07835675489172968
0.06858012496178473
0.06853337027754698
0.07904817465069633
0.07511372760640818
0.08209074773083902
0.07827308844508511
0.07102239939413185
0.07384905910373545
0.07851097566101561
0.07146877172924032
0.08535455675703876
0.08181555831940152
0.08743264107079676
0.06392086751578922
0.06262013449729655
0.06858641099502447
0.06948992398165228
0.08267520761541954
0.06720218438744632
0.07776841764079503
0.07564295041280567
0.060545337019808076
0.07641825154019648
0.06879049026806972
0.0656897595649058
0.07205961124708227
0.06972880802523444
0.0816358204239007
0.07222789960003055
0.07153273071759698
0.06432113635303166
0.060418572503381264
0.08063511825739463
0.08222263376809621
0.07695487162134765
0.07204245142859307
0.07202715594159916
0.06599695091521385
0.06485663153948708
0.07299825550447026
0.07551174294659728
0.07093619817216572
0.06850604218258116
0.08436249003805057
0.06844653591053455
0.07813365434209342
0.06936681079429423
0.06800626113464553
0.06450832464237981
0.06603707892310459
0.06912308527631844
0.07846364614008629
0.07458921439885971
0.07119332476666307
0.07444016071196655
0.0763443133007599
0.08053844285055042
0.07034750384909065
0.08565105957046845
0.07387898516366109
0.06826376917338658
0.07898814219342065
0.07426220256040739
0.05632412002824895
0.08077354741410259
0.07625797271100858
0.0765294952751942
0.07972364921396216
0.07224806082815707
0.07910570009071222
0.07260456503421288
0.0779147467689618
0.09154426315203153
0.08622701737880378
0.0780040207575149
0.06871042822754604
0.07098704243276924
0.07608367643544053
0.08041966247553278
0.07382274984009426
0.0745320424678008
0.08300752700868601
0.08714386299968624
0.08634177845401289
0.07123889925614106
0.07268790711342794
0.07329775636703868
0.0724027118959112
0.06821923307672104
0.06661079257487496
0.06722292761686519
0.07977018559748192
0.07852270584576336
0.0838248482564343
0.07105085138964629
0.06284065724854576
0.06738306162678079
0.08076785726630067
0.07150938474870268
0.09029106648216793
0.069990329431235
0.07315422379571423
0.07069784714982008
0.079015214915431
0.08222331799106095
0.08354719207311032
0.08194303531608885
0.07324089977597474
0.0733860912003211
0.07839015132253886
0.06809495649569557
0.06610078727388004
0.07958785086831294
0.07626401662686304
0.08261535998547759
0.09725654560725729
0.0830823572602581
0.07153928111799714
0.0753035339664904
0.07659313235517189
0.06190949181574558
0.0782012212847745
0.08265254825918501
0.06862193038982776
0.0921781828475856
0.0781645955641346
0.0722066642478452
0.07732973357527063
0.06832617384136826
0.08607836239961533
0.06405661033376533
0.08121073670899759
0.08946539844599063
0.0738545792125497
0.07769143594052183
0.06613814855806294
0.07243252503303718
0.08171993410347268
0.07218718149362105
0.07114151602104236
0.0898003323592348
0.0608970341894286
0.08891432174528895
0.07640836501318955
0.07795311704265184
0.08153282271047944
0.07885069631793068
0.07195808523759467
0.07699606271891515
0.09388477853045986
0.08248540273381265
0.07024043103378269
0.07383648433604811
0.0748608944668116
0.07983058657717138
0.06920955060083638
0.09138257300689331
0.07395524401945226
0.06699136652306902
0.07489338451138715
0.07505821156415558
0.07455440491409412
0.0663686262286689
0.07387947767452954
0.08932116390882293
0.08159704424014454
0.07899688440776687
0.08161120999902786
0.07198350824204018
0.08430282798306686
0.07380274108845686
0.07401134328477496
0.07562856934903431
0.08211044504053777
0.08284599529904191
0.06788106760255548
0.06598710839690394
0.0834215581732619
0.08692900161360681
0.06782834886367607
0.08824064416863944
0.07455878066813815
0.07642408439628438
0.07537916091010949
0.081119795199456
0.08158491923748108
0.07421263969378229
0.07409144916688981
0.07676319082600296
0.0853519413222823
0.06915270561873568
0.07292180668374634
0.07589459742259343
0.06382566698814722
0.07781791078802017
0.07175361692229622
0.07220598347012848
0.08362597846361583
0.08281142523987588
0.08063318880018111
0.08254182777896234
0.08113333373784337
0.07381729111664212
0.07051777654702492
0.07588897844979108
0.09063680836462255
0.07500711593159505
0.08015099237084694
0.07153906212379665
0.07894663703811784
0.06569569413073667
0.07634658721571135
0.08065791745910364
0.078369955168189
0.07425797964373275
0.0710498460705796
0.07190966055364473
0.09419123855174501
0.08043252909313872
0.08077788437385791
0.08425803938491164
0.09136126039649486
0.08603045160238336
0.06613586825233628
0.07080800615448343
0.08086174521115791
0.07648787808131285
0.07557288144744356
0.08278304623795432
0.07661708020677369
0.07341884991331554
0.07187411249331496
0.07701450545539666
0.06870472927643097
0.07440001588584975
0.08564378337027377
0.0957191338619395
0.08208048111396296
0.05647372519934801
0.0651545334610987
0.0718875673648191
0.06712071582939201
0.07358608909340622
0.06847974254159697
0.07088765274985692
0.09468759525807297
0.07428084550958008
0.058051642388763536
0.06246210927288729
0.07488952363493934
0.08914184274003116
0.08093359360551693
0.07417942241283504
0.06760735834868041
0.07379230327890189
0.07242624176045837
0.07205310765485072
0.0759933751253683
0.07760113423436664
0.09910600012114694
0.06948049848320449
0.06792582820767089
0.07841292179593115
0.07711321321727639
0.07934745917412248
0.0716336108279277
0.08802714905288644
0.07503123793612766
0.05369271787506178
0.07054142759114877
0.07767465147465816
0.07826780869856712
0.07185183813648968
0.07157148570324161
0.06135034712986543
0.0667713509730011
0.06440010250257105
0.0801168444214606
0.07120805139530467
0.07338136902865436
0.07422326794100913
0.08406807379272223
0.06691941067980861
0.06275857262711283
0.07149756620111915
0.07002010132277971
0.07680707503032466
0.06946681336730784
0.07071665158400238
0.08323709143233178
0.07222695675396726
0.0682365823412599
0.077321154399919
0.07412028871523504
0.07006714575421387
0.06621559708652057
0.0728453881324575
0.0709563592209017
0.08072642399747906
0.09293796036523057
0.06477032682999424
0.07415572365278993
0.0716408334223539
0.06644115091377298
0.07427725098295605
0.07302981516845614
0.06577359892612243
0.07903878790311615
0.07366126267977872
0.08400382494685518
0.06829436619804871
0.08051334760230798
0.06951963768070032
0.06536144911304072
0.0825383811304538
0.0715624909141686
0.07981363210730202
0.07777446037083008
0.07130489582903786
0.06865756815773874
0.07677406706198567
0.07680641082403061
0.0746160993027345
0.06804792325800958
0.08067887121818544
0.07015849111436147
0.0808852972504103
0.08023011603309604
0.06869321495614604
0.08121906981083471
0.06481052836849381
0.07798919848352574
0.07464209578439365
0.061915353027459236
0.07519899297126524
0.08726628778052439
0.08040416835277718
0.07919120373533287
0.08628984304150575
0.07190914741405527
0.07314351521595717
0.07226031110286951
0.0857845666529892
0.06723730643032232
0.0752728133195703
0.06488804086235143
0.07935483555661947
0.08757062280139023
0.0662626901971705
0.07702494211506876
0.07150276889591296
0.091354835992445
0.06598771030114328
0.07954490167066645
0.08018054967665024
0.07448116101554123
0.07119599797003301
0.08022590892444852
0.08361797372468492
0.05381844701975269
0.05680381909551665
0.057032770269584455
0.06993031450818755
0.07413237733937664
0.07323617626663406
0.07110193753707786
0.0730536007403359
0.07375667814670211
0.06125085391872994
0.08622761738494952
0.07390512787830324
0.07679967285473233
0.07413438638062182
0.07558764684766056
0.0716305750203357
0.08610636125880516
0.08644178522027994
0.06700798352007477
0.075645065015028
0.06628242224025908
0.07073953948207547
0.06991513105021611
0.07389538026869608
0.07708121205410144
0.08073649859195613
0.07806722509335584
0.07251067783600719
0.0655753132174988
0.07005101771769286
0.07333220327865246
0.07144274771843524
0.07287578081189777
0.06850682712401879
0.07065941041216617
0.07483111020460523
0.07499810253023388
0.07118932878869988
0.07419030755802626
0.0765181682969339
0.07448757447831914
0.06867715131433277
0.0729864968500486
0.08139766748457292
0.08508053026099169
0.06999443330057714
0.07453583411514038
0.07761560228101488
0.07552655167721785
0.0717090879420199
0.07698897452635003
0.06895275243539092
0.06898819905039143
0.07439294734187185
0.07985766821023252
0.06522589853526654
0.06573022294706155
0.08546609199842581
0.07329224739355245
0.06714459669564773
0.06745537463149896
0.07237850720041254
0.07268870853023826
0.07462694793216144
0.07402769145517497
0.06495319420418698
0.07691515208312062
0.07229852343785075
0.07746487554791913
0.06793901563573534
0.08140228541461889
0.07506323734340255
0.0760248679595742
0.08217524549256404
0.08571781127692493
0.07015597201283046
0.07043973979738669
0.06549419930516942
0.07900064273459118
0.07608085329398705
0.07809147411358405
0.07214445852658595
0.07842419877625599
0.08882420833125232
0.07753389165439423
0.07478930040803587
0.07443107732470418
0.07745126934063776
0.07563541115794269
0.07879729834583397
0.07668353521034503
0.07670559845316273
0.08027167431541511
0.07003728017978729
0.08442860311183546
0.07219048649495792
0.07611070999170567
0.07879198577469364
0.06753437998208789
0.07052043963011653
0.07008281034683854
0.07331517371453536
0.08105856388991463
0.07384399269433467
0.08179181561661947
0.03840250036260036
0.0640538481241415
0.08343316391725535
0.07969035274180446
0.07764643739021652
0.07822331988693094
0.09223261308562364
0.08006880441966455
0.0698626649435562
0.0729620829556913
0.07724828457483364
0.07557276957655516
0.06715139191824447
0.06742823860298744
0.0749803232512612
0.08262622153831967
0.07389946870953384
0.07571112283149971
0.06963208446015443
0.07094490154390366
0.08585602178576304
0.08861110242280447
0.07062468503562457
0.07824014471756363
0.06409978888218856
0.06747682404878654
0.06605031641205301
0.07633805147686792
0.07480970678270796
0.0816769678393138
0.07798946099123576
0.06185420777797239
0.08171954998432458
0.07437175646504543
0.06813788768585996
0.06904222803150256
0.06505279564528732
0.06899158056255299
0.06313120320171227
0.07635593674262675
0.06921698116720058
0.07193119253513082
0.06368481113243074
0.07725650944003169
0.07266139086052421
0.07416924315044864
0.06715988205881755
0.08095641913570442
0.07392560237624005
0.08675536312785369
0.06774651606081303
0.07694755989571223
0.07892936063152893
0.07555893414387779
0.07449792618851242
0.07531580517610037
0.0798117318917501
0.06991623424259125
0.07224201598831241
0.07861672341762209
0.0745873798920872
0.07280355473201616
0.0765957069190536
0.0744117262972711
0.08587863334898052
0.06741761604416556
0.0808274047734673
0.07761058660294627
0.09133921876159855
0.07536880588398853
0.059400961584909324
0.0735015591622657
0.07714505410786764
0.07244895844752011
0.06268155371404152
0.06351344901723811
0.08371063957251024
0.07490461861835729
0.06581397719026381
0.061714547123485675
0.07618479870504404
0.07510105184352299
0.07579746998533723
0.07265870378762056
0.07143558303084137
0.07634343616844505
0.07692248097971334
0.1047165668522212
0.08022931722140524
0.07270099893872045
0.07454393828173383
0.06887984755456313
0.07160609068862235
0.07157982436864162
0.10438454342494445
0.07596555572893159
0.07454753082774233
0.07855589690916517
0.07851292698316999
0.0729734222851275
0.0783422462125352
0.08346052320916057
0.07943104303105707
0.08623784659496983
0.07744261995688612
0.07859376467053644
0.07091907842076128
0.07699559087702805
0.07575177291758939
0.0690175857332238
0.08375667710950993
0.06945007359307716
0.07858374861166582
0.06158151949870005
0.10897212846165114
0.07021052224347434
0.07186832891191408
0.07350846201186315
0.06801566758133143
0.0963656703979267
0.08752514511788292
0.0773434400104159
0.0831829029531462
0.08263587425779118
0.08059677813573311
0.07011711966691878
0.07336102612867254
0.0716147503634629
0.08037645171285529
0.06677143427054286
0.06829632168026607
0.06525009384646271
0.06354691244552985
0.05657996370104876
0.08123297169661436
0.06967261527055128
0.08721526794663419
0.0891079047911835
0.07058286963703257
0.07295145834271226
0.07866245550075682
0.07531391073585
0.0777590585136598
0.08070349151423203
0.08907296712914525
0.07428304771945668
0.06197767178726391
0.07636445539024629
0.06806704098060948
0.05367789750373664
0.06488279571408563
0.06782671227495322
0.06886060312797192
0.07997858371831171
0.07204555350864471
0.0718908076128357
0.0797185497203103
0.08441685481542485
0.08232245376521097
0.07609353300111467
0.07438138490670652
0.07142548331491638
0.07049915425718145
0.08209620412856611
0.0748747046641644
0.07532875913394554
0.08004710918794672
0.06569357688408037
0.09321479372530586
0.07547177379315392
0.07975289055235966
0.06693862979339305
0.06979054288766355
0.06931305119572342
0.07683906058599772
0.07392660250348727
0.0718287754446947
0.06762599875249786
0.06783488820377005
0.06799185597313619
0.08243658230799474
0.06962672799481537
0.07439332724277833
0.07544913749380681
0.08900263168503247
0.0886480722983643
0.07857600180501423
0.07778516063005651
0.07738110176554662
0.06557318704490678
0.0723450269177581
0.09066656348359062
0.07906594149319823
0.07701738679063776
0.07282436326377265
0.07613502915716445
0.0996357868190115
0.06607781588155225
0.07543765132650614
0.06856548147853554
0.06899189226488726
0.08266939019528446
0.08502188626055572
0.07267029975868257
0.10531125121181226
0.07078167595655949
0.07073446246916452
0.08272530004874673
0.06776224577138974
0.07875528851822935
0.07202354512748924
0.07498412622044129
0.07550161634685446
0.07428360565801122
0.07052314368744499
0.07156152230624746
0.0767606187727183
0.06701639142832587
0.06739511523234094
0.07725566143655123
0.07745905071177282
0.08332819564898167
0.0775568261624183
0.07276649564651642
0.06922789801030095
0.08775222689120907
0.07248121149995312
0.07076905709952455
0.07139187390775598
0.07086755130255183
0.0843258320777148
0.060488489916660226
0.07375242953213093
0.07985826899658788
0.06401181279682486
0.0714729943039764
0.09201862217589919
0.07531371653629308
0.06863506885352895
0.06826493112205277
0.07927615315313391
0.0689555366402125
0.08555886920072532
0.07106918082587052
0.07148352480291563
0.07150098109328602
0.07577906830890338
0.07553223721048424
0.0855097191928568
0.09038611677230442
0.07925132130789991
0.07406456892120572
0.07258353995058488
0.07436425607884001
0.07681711558783189
0.07692332488993037
0.06814105261783375
0.0860787603822168
0.07545641491440803
0.0764900878409543
0.07958743761403532
0.07980116464637556
0.09086519049261692
0.07285659421542734
0.0816106204838573
0.07109554622312939
0.07580617833271121
0.06623365704102047
0.07056601609822533
0.07018030461005463
0.07676012848218247
0.07849550889192611
0.07809184791330369
0.07578099171114093
0.0803476273558207
0.06620173050238964
0.07585408774114753
0.07215684409474882
0.06884959514931452
0.07590962968952344
0.07221270475055266
0.08091186056708159
0.07633142629377394
0.0845496471947721
0.07060490718323321
0.06200364617459286
0.0654218665776078
0.07341387686486571
0.07194950315527936
0.07481144981666331
0.07699594558860058
0.08732417761080705
0.08209363424452713
0.07256396756713294
0.08765726460887388
0.07114549705010915
0.07547893171367277
0.08077389858511702
0.06908357979904152
0.07404005003656806
0.06969234758799911
0.07341965872649799
0.0743853503841509
0.06900364648754913
0.08211692489058335
0.06101110244283095
0.0886684066044616
0.07387064062016643
0.06138643168119468
0.07576433571241238
0.0739026345097955
0.07763699282759258
0.07115565767710891
0.07560045522779553
0.07054136631333695
0.07043281499869766
0.07579289500315721
0.07414008046214593
0.08708747416276505
0.07433717296895972
0.06624115876284184
0.07894151888401588
0.07307919763491745
0.07621767130563391
0.06397285594375801
0.07345013999908727
0.06834184547943287
0.06648154395521452
0.07284773858745122
0.0735178779723018
0.062156401994634215
0.05754759360060308
0.07436107272551352
0.06713960688042309
0.0679577516636797
0.07245178860498173
0.058070827952514094
0.0767835730550627
0.07334816165940049
0.0724208292593557
0.07232376178362725
0.07059887468839181
0.06665415835253873
0.05279479152285138
0.06632947371474976
0.06821726989779632
0.07102462609807048
0.07574460914452155
0.07909466532396586
0.06505718299411153
0.071601938207249
0.04713454887754554
0.07093080398817317
0.07020061497723411
0.07595062056907917
0.05817997430222659
0.07868163751534182
0.0948197199419512
0.08996441873586136
0.06512512918053848
0.07719877958801559
0.06639493484468058
0.07264786385999257
0.0827189489419951
0.08017036889243803
0.07599418981293625
0.08579858060756164
0.07025822568987079
0.0802729625027274
0.07285281520591837
0.07194448433702424
0.07864775586002551
0.06155297800032571
0.0650860078445084
0.09263272218906644
0.07422014094696924
0.06612652415553383
0.06939210615949307
0.06950466475331726
0.0687650001852671
0.07246016466158778
0.06178726577581946
0.06890612831171475
0.07950106712285872
0.1048581085221356
0.0827878387393809
0.08019693748522434
0.07380999941651231
0.09598554492079547
0.08904630544683277
0.10179553218742055
0.06883855682170147
0.076379186592595
0.07048783578079863
0.05607958517724376
0.09929681521387719
0.07305166960756466
0.06726693347715285
0.08396538287344661
0.08093771340596027
0.07834333551980184
0.0779406126210157
0.07787957302884833
0.09085954084569743
0.07689276180623066
0.08425642213316858
0.08067530703351398
0.08285742917376585
0.06996318567360166
0.0733000225817395
0.06616098626123097
0.06553481522810965
0.0814601042091895
0.10506779961023331
0.06674808885359948
0.0760349507652796
0.06209306939810314
0.08518423402445359
0.0758233954619923
0.06549530747357331
0.08640551447990769
0.06552976388527926
0.06801061168091922
0.08771927456345642
0.06873694274704396
0.07176658881915317
0.06632792525239241
0.07171665385419206
0.07349706409228104
0.07763891387981707
0.06654072233651848
0.06468247922388398
0.08028462126750904
0.08071837494729928
0.08375104756511548
0.0811395061932693
0.08137609258377526
0.07107898674140263
0.09975644947325307
0.07411317354734731
0.06396525472255425
0.0679649702818053
0.06927351996620544
0.09121763064487663
0.07569556728241751
0.07805091543130104
0.08024137598266484
0.08421472390600135
0.07753384602803588
0.07540128504467838
0.06637776081046332
0.06476206990214609
0.07317893977656535
0.07752873426008963
0.06505214426778454
0.08822735069619485
0.06251730331671831
0.07661290259235681
0.07296933594891011
0.07813015058253578
0.08317328320091608
0.07324041787522778
0.0717375729673683
0.07202792927198035
0.08116511707409918
0.08465761128603244
0.09070792648749623
0.07209435282992613
0.07748912517264397
0.07724504738620566
0.06495274505993892
0.07118389759233057
0.07363903434323144
0.08738361373245715
0.0908229580776211
0.08557429896968
0.08983868564393194
0.0864878091173989
0.08966556749110566
0.0781353872845584
0.08350914799818088
0.0811765618365074
0.08401563968505396
0.08731345735001966
0.08633540584621809
0.08266976801287287
0.08253881582197363
0.08189868412439057
0.08445847469394235
0.08156437270526508
0.08740572745862245
0.08941973722863333
0.08730909420647419
0.08491858414187019
0.09335864844440532
0.08306823262979465
0.08162287595373485
0.09155405748298254
0.08116120492475402
0.0891258619281425
0.08403536517331232
