0.07653006511075992
0.0866977025193503
0.07404426022587425
0.0724838307390116
0.07504226887766158
0.08202752245853953
0.06988030145499988
0.08550935225311214
0.07931926590801412
0.07559474293624298
0.08587010306726295
0.07999214548218068
0.07375838108552285
0.07511790509158184
0.08289677572662371
0.07074564303723715
0.09062023348369523
0.08940298254997667
0.09492600940270586
0.07306626782275683
0.07124816218700997
0.08384747005413414
0.07236113709979618
0.08495253564467133
0.07160740729427965
0.07845060856469366
0.0853218228336763
0.07349975944476224
0.08215667627466951
0.07634146695510344
0.0669051253546192
0.07603264371518362
0.08608431394305513
0.09682334348902108
0.08094881392593031
0.07526102521542359
0.09426636168309654
0.06659263134035756
0.08267820192070352
0.08724782043431797
0.07665796892349923
0.07230151630013026
0.0747671729372696
0.06873157207688031
0.07275730259886025
0.07987806055342195
0.08696875840405076
0.07111148552757994
0.07416281625451486
0.09919867994474914
0.07748119474522201
0.08270254742324396
0.08118596367740667
0.075934441613654
0.0891032351605172
0.07389500532133224
0.07615188080731672
0.08033360720995437
0.0764311832674319
0.07225365165773483
0.08111198151531127
0.07778844636422433
0.08456703832780145
0.07220789096776731
0.09052178176949097
0.07872764375920928
0.0805428960065002
0.0841357657142916
0.07646696566333318
0.06635215842812821
0.09005339692819332
0.082029920496567
0.08033993468168028
0.08604974997186947
0.07722251535808787
0.08636849431081055
0.07539952887091213
0.0926826339252809
0.10073162646811859
0.09758266311221593
0.08138361461500954
0.07054881473178057
0.07702374662688881
0.07745046345410699
0.0833115471216368
0.07671402357517096
0.08166116601261054
0.08637396282226871
0.09478580869096881
0.08990306125283552
0.07688599734844766
0.07475004736436472
0.08058850999904979
0.07431483288454141
0.07116303160065776
0.06800518125726818
0.07000172484851387
0.11631682646301122
0.07952673863579156
0.08706246048938496
0.07502127169595242
0.0719416500671484
0.07931573646908192
0.08264205644587103
0.07985565791497819
0.0955983143270842
0.07747757086840348
0.0772006668382863
0.07435819912007027
0.08159595127907268
0.08377265062376117
0.08993755557725179
0.08487056390623987
0.07393803656872382
0.07724925663634251
0.08163519724995162
0.07427194579943051
0.07193959906717481
0.0819083877754391
0.08450861302545931
0.0888922180150053
0.11560900626346067
0.08847231185651808
0.08129655455896244
0.08449472208416113
0.0798921784166095
0.09439316954878764
0.08106672147826857
0.08731020244880774
0.07165123662370493
0.10497543200026843
0.08544214688466446
0.07594727391770695
0.08070764507245387
0.08292322158478671
0.09533807572731715
0.08069083070127832
0.0833482307558299
0.10929956242298536
0.07815623205027732
0.08066892938778332
0.07039384638959197
0.0832690644001656
0.08370463869011864
0.07450231700913375
0.07314568215746599
0.09898147820072341
0.06670620967417083
0.09700387572414984
0.07591957681263765
0.08037525315723149
0.09486065924948486
0.09135032179856303
0.07378223791713787
0.08516499654645264
0.11259492394977062
0.08321760025504576
0.07515852656750488
0.07830279214995738
0.07655440315941217
0.08720858833770001
0.07814655568352487
0.09911381349048799
0.08441953161052093
0.06958455928161142
0.08499496827369551
0.07772754595859645
0.07735733132543951
0.06973669125084253
0.08058295689594457
0.10609525800982934
0.08224474624880933
0.08159431333767059
0.09399830503286273
0.07401602439978427
0.08917260192546754
0.07647732553327462
0.0754546697264757
0.08167744581380071
0.08447568955829803
0.08338844675906418
0.06917371871651339
0.08003706007761337
0.08994127386170143
0.0934194955995769
0.08177019571553061
0.09424198707518071
0.07727768387134899
0.07852294687134183
0.08335235265323536
0.0895780549468688
0.08470553953243885
0.07813001112036976
0.07696654933474324
0.07912269595445848
0.12175157830184367
0.08325652467262462
0.07390780311312851
0.08742373988173825
0.06972975338744
0.08046143135246822
0.07324348981008687
0.07395302604591021
0.09351457524550129
0.08331603585194755
0.08729502554552152
0.08430962892469161
0.11310064639445601
0.07430747282198724
0.07335774567443147
0.08450853029889623
0.11661616308442425
0.07631164056567609
0.08227041070536961
0.07417926553314105
0.0814648778927496
0.0990768822084188
0.08259875811515746
0.08537465970982078
0.08015430358991602
0.07728427994345859
0.07386020851535374
0.07472821143926284
0.10195841255433659
0.08252489663883635
0.08258099942451622
0.09019178012542588
0.10188690387773758
0.09335085237630819
0.06770767030913878
0.07894667358971072
0.08494653521201208
0.08255188269574971
0.0775047627881654
0.08563030867408462
0.0790214872018354
0.07506124220541208
0.0775526091687928
0.0797959217790197
0.07740602517874186
0.08846932385985329
0.10420581149177718
0.10840688882657572
0.08614420708695353
0.0709261682536217
0.06977459142366561
0.07762768185081566
0.07277147667494947
0.07568088934239452
0.06836164489262729
0.07552213448929061
0.10989427125144273
0.07484987832913935
0.06832723366214974
0.08238373517498639
0.07765945782021576
0.10242365229081962
0.08980454935390476
0.07634436044216297
0.07972681033749102
0.07941861832794077
0.07598745916819129
0.07424081401791134
0.08531988112692754
0.07916286100184618
0.12322248905167998
0.07415562811083326
0.0723421211463402
0.08479577011164234
0.07903284666231516
0.08130352407907301
0.07323691452398329
0.09748195881906914
0.0773358189138833
0.06897749779509654
0.07220466646557484
0.08112797771886482
0.08036719539717971
0.0822019812011547
0.07332925731077082
0.06503011867028745
0.0703739571957667
0.08715562572691926
0.08797531487938706
0.07187885509185427
0.07790267907042407
0.07629623435350236
0.09418207644302498
0.0802331395069267
0.06912304692814608
0.07415192558028004
0.07185594713329262
0.07623925924544016
0.07387622749396269
0.07483264549862692
0.0861696787551605
0.07369829099429367
0.0698472546453603
0.0810577237961435
0.09195491547612458
0.07402718356301637
0.07366189895880204
0.07470941909563061
0.07911170496426202
0.08284787206016071
0.10571048924581562
0.07135910636080398
0.07442334586100749
0.07284150406357652
0.07644951854653698
0.07545134381139659
0.07341189593868373
0.06679159127892896
0.08197766868867527
0.07709422680868498
0.1072690434292524
0.08490916068158241
0.08789565637991549
0.07703038044492098
0.07644313308227307
0.08637907740027982
0.07704225110616998
0.08148337028335223
0.07797435993555203
0.07300149087292838
0.06958197580919039
0.07867702443655997
0.07979024661911134
0.07724353325422688
0.07077293374999657
0.08930284259026791
0.0778717126961111
0.08752809792111271
0.08210413641541561
0.08236895296814353
0.1066287425047582
0.08425541359034924
0.08395926935168949
0.07603835067162296
0.06679821375831253
0.08440119985156444
0.09268363652388006
0.08340798505251916
0.07905992434097264
0.08923862863157224
0.07696219854393119
0.07518307278872984
0.07603317169938092
0.09700923515650745
0.07091985307112163
0.08217746785676483
0.07523535179344408
0.09283920380677863
0.09744597577529933
0.0744884031183805
0.08454065985669916
0.07547794973866247
0.11296518894337156
0.08425987220542284
0.08546994377760997
0.0840217868241212
0.08783901064220621
0.07295610231104263
0.09090238578099241
0.09040742951417179
0.07482847525627122
0.07112568165142477
0.06867506265562266
0.0788315255534341
0.07358211884131197
0.07664309872664588
0.08796915895916445
0.07527748676274419
0.07674421363130461
0.0955964521510448
0.09480209189177463
0.07732659134034739
0.07734339746221608
0.0762177270307744
0.07737931632814343
0.07371162453188591
0.09185757586583869
0.0956468663846901
0.07232022085809602
0.07934028955982106
0.09925225442862882
0.0719671876005711
0.07705147777728029
0.07738488271442065
0.07700930912819433
0.08339985475732012
0.08148928329722166
0.07651924229145979
0.07667860945780021
0.0746219845749442
0.0867938008881431
0.07434652419653799
0.07416870617053731
0.07066245107857484
0.07566066603681315
0.08058586753613832
0.07473763677184819
0.07462763659914373
0.07821468146806321
0.07663289937921575
0.07489599303394755
0.07130193106994971
0.076259170966397
0.08523736084583389
0.09008522363576754
0.07512509014513437
0.07580657126913112
0.08430357001212523
0.08656663043106003
0.07658624871064337
0.07826620850445869
0.07197468379238324
0.07918277308192143
0.07812016871758344
0.08692491341003847
0.0722525418599515
0.0699386662841669
0.1003067125696369
0.0807925121266836
0.07819273475200826
0.0690466817787296
0.0742357212730657
0.07529983464674707
0.07601206121229868
0.07849134222056864
0.0780438372255602
0.07925894683372559
0.07484787994174846
0.08143885177809841
0.0721437381981599
0.08417326419079647
0.07850307732855118
0.08015843600271708
0.08695432328411459
0.08995863456956465
0.07345314829160518
0.07715954911267463
0.07124696895864553
0.0861548426466339
0.07909488167563687
0.08401773747771162
0.07345909745803789
0.0898151698850887
0.0996406873949845
0.07934632792286879
0.07706282356397035
0.07499575122809068
0.07888630805594639
0.07612222656926158
0.07979915751879038
0.07826598595373215
0.07745233943473728
0.08304765490193318
0.07306545411587495
0.09363728161334758
0.07931351651572009
0.08108412866709208
0.08607212990476477
0.07210781759476204
0.07193976466069954
0.07947026014678207
0.07501385053195063
0.08346626956637608
0.07570358177231815
0.08683535033829486
0.06972982772216951
0.0725345898139431
0.09132517861929358
0.0810795249525418
0.0789112641592444
0.10384050356405569
0.12442112433597367
0.08590258527103106
0.07355189082769485
0.07404170127628633
0.08074165339731774
0.0794902483951955
0.07636893855969483
0.07581320292009051
0.07555687578376602
0.0841832939614272
0.07597730879647598
0.07722602118478662
0.0724620994804689
0.07412834826741814
0.09179050271701972
0.09768378351403914
0.0747845317618744
0.0801089013449808
0.06939472699000816
0.06933942493124909
0.07367721269081003
0.0780306775269287
0.07705267095867334
0.08363790496641425
0.07918369243006232
0.07645733900681799
0.08350946002702422
0.07660780753907942
0.07165511977199046
0.07084291153259034
0.07852557368809797
0.0734867903228157
0.06720932189488198
0.08158583110567677
0.07634846633849332
0.0748064928845807
0.09496808901222599
0.07900315720286089
0.07418485320770106
0.0767225874564432
0.07528754629693127
0.08237805331619068
0.07913889604868193
0.09620981430787982
0.07498107462180251
0.08128814605255658
0.09396688283766558
0.07712537281591772
0.07459306765219753
0.07798243185972861
0.08282851666321814
0.07446216980717746
0.07810997694391994
0.08356877916102608
0.08399192342155744
0.07412140272080721
0.07689204926232822
0.07901363125492447
0.09026372074255921
0.07147365081356315
0.08664509742389925
0.07942156329448107
0.10297270482211864
0.07656317227521624
0.06785971583752576
0.08029513555059102
0.07771584517798986
0.07533443546741005
0.07406232300640052
0.07451459511004184
0.0874764653517743
0.0812641958204096
0.07242245592891297
0.06988744438039458
0.07812342202916135
0.07835360134050205
0.07592134790951591
0.07391443831111294
0.07542936384249486
0.08129426417234699
0.080134014349866
0.13062674570465635
0.08053056180675007
0.072164778437815
0.07688333402951465
0.07012674153282267
0.08760464547996605
0.08530741239756057
0.1202619967709599
0.08080484132335766
0.07615658857629547
0.08200092850810545
0.07810029684267279
0.07831581847494948
0.08214083928543474
0.08836602998336791
0.08299700475201117
0.09590897966000055
0.07829160482713145
0.08116810644382612
0.07303288834389018
0.08893101170657583
0.08475978515644655
0.07690045160881906
0.0953395386646479
0.0742105329906567
0.08048387506048942
0.09029694938660153
0.13668928360903548
0.07792497404411357
0.07550022749570239
0.07547701378829103
0.07138376420306804
0.11373657784484392
0.1004105078514781
0.07932902049056186
0.0857034763098013
0.09174617542010494
0.08239330335999974
0.07765057059094316
0.07627564169080601
0.07678544909217688
0.09696626105661067
0.09131848789741562
0.07132241909857619
0.0729991514944875
0.07967571038440362
0.07396617856670987
0.0864720275794224
0.07060087016399776
0.09457129321763033
0.09692790400139618
0.08369301364991419
0.07467139604550639
0.08605512764166788
0.07943894263843104
0.07886067571930379
0.08067057591577528
0.09879246815165754
0.08274220116085144
0.0678198016600102
0.07577728880381805
0.09082426658261668
0.06175319415652912
0.07455004874166986
0.07167800137907063
0.07402664303800204
0.08103616203632848
0.07310758149626614
0.08286664251354633
0.08425678918705072
0.08931453045640209
0.08459585766538806
0.07705229457354537
0.08315663827022621
0.07182257535178899
0.08018523802372822
0.08360881666294541
0.08020596858330771
0.07835765083721669
0.07944015131570846
0.0855116282436212
0.10326812897531656
0.07868815010187415
0.0859906644505475
0.07554639225431167
0.07134906659096393
0.07419618271320277
0.07927151316192386
0.07773154779050896
0.07698242450481087
0.07389683401641191
0.08182650378816245
0.06932834440800167
0.08612931617858313
0.07833337795307356
0.07563630692563712
0.07591497105453088
0.09529733396422926
0.10571637465149003
0.08651182398788752
0.08021597971562085
0.07797777854329556
0.07269038517593991
0.07282630170882355
0.10883980551907838
0.08099600013337885
0.07607889920952288
0.07304333357006887
0.07723360146430179
0.11321505820406669
0.0682885463585856
0.07500916816620841
0.06752634731256021
0.08337028441115796
0.09486232682153478
0.09528742295933558
0.07907949242242443
0.13574811660536182
0.07200470452282122
0.07017634947237197
0.08419716872640419
0.07104759340109319
0.08031040533175694
0.08319459987090828
0.07572354699564571
0.07864461862177913
0.08474467149448776
0.0819434789715275
0.07555214866716273
0.08552856019081476
0.0783647453046271
0.07931905561616177
0.08727619586759595
0.08223275818370973
0.09928926209775148
0.08307024104945684
0.0732878908214148
0.07349882772129411
0.10029254992239825
0.07557105215905141
0.07235814558817685
0.07237634796969224
0.07783568195676237
0.08980688533441994
0.08333266669258847
0.07418643175908143
0.08318722694445085
0.07693167024685683
0.07440805412381114
0.10589957148766191
0.07925525219932754
0.07872848354515193
0.07105038152975744
0.08741142866986826
0.07928650517108238
0.09460695906675934
0.07951072821208176
0.07530213816368515
0.07337286934152006
0.08105088458829807
0.08357103746212385
0.09295996897059954
0.09903021855832612
0.07942149336486398
0.07717813618698155
0.07411764881252339
0.07805645308230852
0.0812632758257219
0.09763808511581949
0.07406244156952184
0.09218741578652888
0.08886202685757066
0.07798712699076586
0.08905266705704552
0.08036642641431119
0.10290044463465957
0.07578121279918315
0.08012413626541576
0.07672430805469801
0.0835785910492554
0.07433518256171469
0.07568072919437702
0.07470529140284349
0.07918274363878632
0.08394898149682088
0.0818401853722309
0.0785987966808605
0.08333328569975504
0.08470099315666237
0.07727187893736281
0.07241904646999957
0.0720190013950059
0.07787063165326108
0.07375297730948302
0.08018148426026142
0.07896407610064814
0.08915758603100385
0.07327410020336345
0.06631620398436582
0.07800925965653101
0.07484097636148374
0.08175681985536837
0.07963181153986879
0.07901022973345356
0.09398970099332006
0.08310721676307901
0.07198500875092156
0.1047023184094272
0.07319581210085883
0.07598572759381685
0.0806710059536725
0.07995185249779463
0.07603396021083525
0.07608140466987563
0.08142798245879038
0.07737907129217951
0.0744982761253071
0.09294254447804738
0.0657026070209937
0.0969719693739414
0.07730747427511411
0.07125897078859576
0.0795172387275018
0.07775771177385385
0.07761807147773699
0.07314693721224173
0.08353549130877427
0.0731639230738938
0.0720892024497502
0.07975060440283743
0.07750234015036268
0.09243789179767223
0.07889765572068198
0.07057359970678963
0.08002065383515486
0.07499379472382388
0.07926007011656898
0.07390213941654633
0.07430173787877392
0.07355989064784237
0.07409860985731417
0.07526131921301174
0.07786201344583017
0.07563390779353771
0.0725774007842441
0.08007651235882494
0.07093506151072511
0.07129306448096587
0.07266826971089096
0.0686338496047033
0.08426803643331901
0.08314776610669733
0.07940748756699698
0.07445721551340229
0.08536829969615194
0.07248574300126853
0.07915161613143107
0.06914459480710419
0.0799006860524761
0.08300069192605239
0.08006692247667971
0.08190673717569742
0.06998991114200075
0.0742065981748
0.06876218292462935
0.07336412796659432
0.07458458562271619
0.07934764446670554
0.07651137554725806
0.08045591076681764
0.1061749344150686
0.09642072000096494
0.07324214847394715
0.08021164783289275
0.07465788794172064
0.07545141176351303
0.08439612753581208
0.08665421886459512
0.07972964335251695
0.09461043104971212
0.0728971477119057
0.08044890752198236
0.07304672765727972
0.08101864253333518
0.0864158808559487
0.06822778888126559
0.07141568012943157
0.10541220802458813
0.07423248172138712
0.07034492578717184
0.07144685776039969
0.07583757935590758
0.07378140423082355
0.07520163321134206
0.07563048191278138
0.07681526750238135
0.08057696634095626
0.12111519447343326
0.08887123542313924
0.0927314978157626
0.0840375582745304
0.11035006123229117
0.09721936859453881
0.12538261814253987
0.07190082254740149
0.08043785950122655
0.07192013173827251
0.06385241852167899
0.11523887680503907
0.07748925260226376
0.07151241432158752
0.08400233338607517
0.08219136287617827
0.07928332961776711
0.08160370568513052
0.08164480382175138
0.10154950046258186
0.07790107013431256
0.09322476461486678
0.08671966566866458
0.09296136554846166
0.07694884651575955
0.07612586102700963
0.06974359694034568
0.06891291455317645
0.08263851983024463
0.11786273990830626
0.07090578929363732
0.07634106928161506
0.06882923402342728
0.10373851548678759
0.07619372873578582
0.06875765878168122
0.09018770308407963
0.06970634192697388
0.0732871477485369
0.09556006934074675
0.07597949446551079
0.07219813347681596
0.06863219991995019
0.07454988978084882
0.07554899877309676
0.08201791396613452
0.07591411733886473
0.06845513201882349
0.0830690642957649
0.10236020566852766
0.08740310285664424
0.0906088026713694
0.08267381898673354
0.07259000185481879
0.11813689881256323
0.08125956657802084
0.06871178889622556
0.0710911580264826
0.0715147458427355
0.1227188336267219
0.08226320244291782
0.07970891730200344
0.09171795068221089
0.09576172051327297
0.07854610112705525
0.08656694806940361
0.07209192726504789
0.07187124611123327
0.0764121862566015
0.07946492572548426
0.08899952165731792
0.09541296032603688
0.07181562994030276
0.07860290686753767
0.07649325371969652
0.08444085308263871
0.0881517851124142
0.07490947944076912
0.07577094477881563
0.0741784112901618
0.08465412813601984
0.08789426631890583
0.0941954222826629
0.0734923616952021
0.0805504085829527
0.07896952649491454
0.07623449625636304
0.07123126226950761
0.0763787527594763
0.08510229370904226
0.0885021750041681
0.09492672897495083
0.07582194146890242
0.08259784601798612
0.08797063112430956
0.08374012204379404
0.07978334648898319
0.07726550667952113
