0.05822499092534561
0.07040249842730734
0.055652079473427124
0.07631814255326423
0.05700779242343921
0.06116344461112858
0.07790200884559169
0.059069103050652494
0.08063749499137324
0.07490549520901557
0.058828365877711515
0.06991437203609806
0.055664833863215586
0.0737449373819904
0.056407829928424906
0.07008850713404985
0.055747549358303776
0.097551386611296
0.057299890450958034
0.05529879791941319
0.05621154253993737
0.05510156071564739
0.0592070228360634
0.08821420866443822
0.0729974620005838
0.05707348355211765
0.055792365571757256
0.06772300325017905
0.05560894181870109
0.0585452846724219
0.05696750712646259
0.0580496691823745
0.07254762501100116
0.06917497545201047
0.0570284630526819
0.057314200914574065
0.06664912049800728
0.0600482035238662
0.09048278567177283
0.05892980375406641
0.06924576437354032
0.05898540486517677
0.06017531189706387
0.06458393248533754
0.06553888771197476
0.07256232845828486
0.06308610821751877
0.06642194246146521
0.057365402566585795
0.05668742889026748
0.05767121746762477
0.09120287575042027
0.06592679673388632
0.06744145778118768
0.05691860320061818
0.05900787423921307
0.061458400408773324
0.08137706460738808
0.06589103725733524
0.0772490984700944
0.055764282597877156
0.0577704386703546
0.05679887148303822
0.06334123755444786
0.08024165557909714
0.055518765267155226
0.07233518641434492
0.05513591450839646
0.0727943191320342
0.05635210395533508
0.06550280794721897
0.059233326004820994
0.05985851040447521
0.07811375396245859
0.05704193856512658
0.06415502426785535
0.060876589200263814
0.0648537432484994
0.09297038446450778
0.0631207770798132
0.05453214678966108
0.05651123903667777
0.0554257068895613
0.07487627866243966
0.05886184718683599
0.05591037925769986
0.07462326659620964
0.0789294644932975
0.07821929819096232
0.08387571650145842
0.06908900467612822
0.057168286979790275
0.05586845429661949
0.06618699603750272
0.06074230890073912
0.07564024374184798
0.07388300772443794
0.05626390999158736
0.0590735491614167
0.055379376229690976
0.05455034774962501
0.055685766257207434
0.05714616289568468
0.056691740482064316
0.05712081801922624
0.10347577901183089
0.0561155385461851
0.06030767981436067
0.05887294958920374
0.05493972142959999
0.05709032163184441
0.06256792741924412
0.0618149719173201
0.07249595290685933
0.06768423349766729
0.055749826446258595
0.07327287458042384
0.07607101074643405
0.08854762445869843
0.05815724535065656
0.06612143356156884
0.09530564405704124
0.06533595834368718
0.05963010940248409
0.05476208021337496
0.05795430523976366
0.061232174993986595
0.0683175803270544
0.056593408353926976
0.07050677220941913
0.08565966583178394
0.06846918001169276
0.056342655651262785
0.0728318649854967
0.05575876829778425
0.10657599339626019
0.08545697933849489
0.08419182711315865
0.11087061604896427
0.06257394096411065
0.05804915804453218
0.057484625713165115
0.06914927605065768
0.07172977574821018
0.056228144679596144
0.055502850646149036
0.07315868011779487
0.06556157550690801
0.05689513519150827
0.06396332809418935
0.07638245831770729
0.08888295737003955
0.05687072789241005
0.06328172452642944
0.05563030313468858
0.07213377988191304
0.08438260791232596
0.07896229319853976
0.05616974700551536
0.06889636623553043
0.05713163972945556
0.06185821307065274
0.05799818940571613
0.06864442549244783
0.06753713539593308
0.05805433861523559
0.05759565965962634
0.05710201160506762
0.06861104196270895
0.0658774550283555
0.05610505220188892
0.05492248132220645
0.07978559231302816
0.059013177859647124
0.07011539444150414
0.07129579407715003
0.06038199402077144
0.0682349863434198
0.056426874502694485
0.07650689286792797
0.05527128944840648
0.0625428780295538
0.056548612545543955
0.0726498284471949
0.08164622014005239
0.056987663673080856
0.08797190896361895
0.07292545724721483
0.0798571824612118
0.056424842132439146
0.06576973388069046
0.060402684563758385
0.05896164466204169
0.05688676141645866
0.056253331339423535
0.0569067639936411
0.05841816640636735
0.05560188557061331
0.05580557181042868
0.07101278753144838
0.05641082669066519
0.05514084245546805
0.059034216276869306
0.056895284945591144
0.05610261799229933
0.05528546676306527
0.05814950536358917
0.07293262260958147
0.0570273050211526
0.07036851733460626
0.0550602509689108
0.07719635054564693
0.07689857065384206
0.09707241981326768
0.07476001240095559
0.08116194904733229
0.05459322815674932
0.07968812279842426
0.09981915639509703
0.06281906116488226
0.06789176006596821
0.05486363283289472
0.0557776083233331
0.05458326537711447
0.08473914494318047
0.0661635148204822
0.05882889328922797
0.06048193732889287
0.05775964654104657
0.0739205623292334
0.05667880578064707
0.08162976052744907
0.0943980997938476
0.058222814333562634
0.09601750714838865
0.059440585786090114
0.0785949828129643
0.055116855138419754
0.08761105918645182
0.056414547156974415
0.05919407834097491
0.09906588508046986
0.06528928511283456
0.05929506197345406
0.05509338657944801
0.056204661410262154
0.07425953297129789
0.06601595995189917
0.07841470562935235
0.06881048612266434
0.06557031433457307
0.11189301432185658
0.07567557964029833
0.0557555190213064
0.055985323842297464
0.07837802707802806
0.0951985795444807
0.06895275647351615
0.0924831274010602
0.06822125974848783
0.06980356187326112
0.05785327202402318
0.07925789866377689
0.08390013140327487
0.07009808248974221
0.05850506662964382
0.06814480156673362
0.056367049890937396
0.05633712399663896
0.08391694748332688
0.06382439871644813
0.07733091920762152
0.06264192854199657
0.07261339802996036
0.05870869208486755
0.056831331384312664
0.06327724100796903
0.07633949229682944
0.05543282132191204
0.0556112755075956
0.055918878469088294
0.055528003191567275
0.07869822613801485
0.0729364357096022
0.07543958471214368
0.07427179410123719
0.07963026992188316
0.07057471209763788
0.057329213719289694
0.05847178343432559
0.07516225532279747
0.07393265399259577
0.05814508977419064
0.05576956829375362
0.08392218933823008
0.08138673856280726
0.05706476222802974
0.07606657377357914
0.057615069051116026
0.06536400873237272
0.05797752319405713
0.05669564797353629
0.05548602602809792
0.05838508083077538
0.055167443948624634
0.0629087659209214
0.06297343323321035
0.0755154615915647
0.06155870112510924
0.06003034470664498
0.07723047896945369
0.07460827470656882
0.058151946574628466
0.0765587509120868
0.07239160267802863
0.05784276792654858
0.06650122836576487
0.0784977957795945
0.05561877295911858
0.07118131428169705
0.07154126448538327
0.07076836084127326
0.06069250862199459
0.07668228471781119
0.056120339527126445
0.057187853387673036
0.057002689146009804
0.06007390875349473
0.05622823386037895
0.0723707417563139
0.06703311302759207
0.07938323774301893
0.06390782836488648
0.05814661141250269
0.058125091963707666
0.054131061048443604
0.0797587707089457
0.06886316037649441
0.08701930451998371
0.06367454978276064
0.06418394618102272
0.05548699834907476
0.0806970319954308
0.07349449566850522
0.06458780226711404
0.055101336632183605
0.05770188836803523
0.06784329583028398
0.05672200653730153
0.07359121211256142
0.07799241663771114
0.058656106838277884
0.05714719700367579
0.09112735895601777
0.08254008418384381
0.05711137888644194
0.0774643701220093
0.06308467343483087
0.07334616614192796
0.09871641763580107
0.08712511205054059
0.05604099481725204
0.05554676975167819
0.0552785675303426
0.054930722537354044
0.11231286693115314
0.07825683288733687
0.054837531487992024
0.06231880885991725
0.05766926939688925
0.0849977646985675
0.0866124752087775
0.06994821609260728
0.05432157292072063
0.07565186709392628
0.06903681533316139
0.0614354440438001
0.054964036026871985
0.07923160053295568
0.05620501636417126
0.06575062815167002
0.05743014254656419
0.09502231193820677
0.06899580976023362
0.0573003401967654
0.07881513725769099
0.058584901644603816
0.08285301381143514
0.062522932909026
0.0605178524406633
0.060668661307193276
0.08868219984783052
0.05434828386060546
0.07281597797892335
0.07483363445988743
0.057543098743515216
0.06033265628699459
0.06139419128459264
0.05858784749289563
0.056551741044858016
0.0553080653308654
0.07537991932009427
0.05679923834834178
0.05675347193890649
0.05512573052792631
0.05482769987721186
0.056230438408521856
0.05998668575172309
0.05803631466903553
0.05654444401313829
0.06670918120104383
0.08686615165972728
0.05828489672807931
0.06842490360385362
0.06365140031590229
0.08300380888002516
0.05714178925034512
0.05989592012382497
0.08541376882008225
0.08146077999771706
0.06788794040145339
0.05719908122328124
0.058889959638705976
0.05894511273879688
0.05501651599256597
0.07852026044511137
0.07767138043588377
0.06273322895940607
0.060668544541845504
0.06208066035586739
0.05759175314762269
0.07583318254542444
0.0553584228020131
0.06475809135236972
0.056657398358900705
0.07048271177568399
0.057193504297898164
0.06644019326645637
0.06409620898400854
0.08684226130955944
0.05779981164872394
0.05598084088270561
0.0573280122132818
0.0722472194762751
0.05813841594004745
0.0549215158352819
0.059096384517950816
0.05892588781865408
0.07590202095722792
0.08387107523112708
0.054798045046922726
0.05636973526141465
0.054764668159386014
0.055212971674626715
0.05616728379077607
0.05691216439657216
0.08542971773569481
0.07186975001483072
0.055179919431328855
0.06130468935374126
0.056523865476637854
0.062235999733219895
0.05476628416503447
0.07814696007152838
0.05905594689609922
0.060903400828329284
0.06420624376099413
0.08958176100701057
0.07951580579596361
0.062184152467778114
0.056703551850411094
0.0768143763899971
0.07668228833497456
0.08464760604231401
0.06452408573270092
0.05493768328280901
0.12869565045984355
0.05523084450436927
0.061317413664927795
0.06512728800886532
0.07928149316035621
0.06149611873904102
0.057382853426722384
0.08091457749978871
0.05732566992556887
0.05526355042045686
0.07171400442645014
0.05662783790220002
0.05972675436693926
0.05872952300814672
0.059103289823828814
0.0557582513827083
0.06279031189617665
0.06887313148109164
0.0726132368672879
0.060180237220807654
0.05488174343986256
0.056205441835339105
0.07114285823860626
0.06214283979363334
0.08188154241527267
0.0556194113711222
0.08296739752495523
0.059523010823366335
0.05988651573642522
0.06172649366867912
0.07341084773417882
0.073243779924753
0.05871534321623876
0.05619337885257265
0.05989328857523031
0.07243511893398412
0.08776827923764875
0.07647191129018727
0.05489656263473379
0.06842860635811336
0.05469966155396957
0.0569842240236828
0.06901966435071755
0.055427895819746505
0.05612953217854037
0.07272082493610611
0.08887072291883898
0.06293378950033694
0.05572727174155911
0.05598552892868629
0.06588136772494436
0.05869443320532929
0.07473148815350479
0.07008823043382434
0.057358357876922526
0.07848897391415624
0.054377649492405866
0.0815522617930519
0.09194456999202862
0.06808859216761966
0.058461162274585976
0.05967996425802174
0.0728542222361444
0.06588465994722872
0.06318568149563704
0.05447174105543028
0.057799743168954476
0.058030449778572066
0.058143504214063564
0.06861172988204282
0.08797691788472337
0.06462110392971859
0.06537409179209876
0.058597599382929154
0.06445533845492608
0.054998340963006036
0.07207161398063441
0.05826268812468067
0.07223860303891347
0.08904951563007761
0.06657541861995156
0.12242362035796409
0.05659042032167889
0.05551399372164485
0.058057199957379575
0.058647167645867804
0.05997834516976136
0.05454554947801541
0.12209376920377281
0.05936226626405482
0.060325681286858134
0.05576273548455338
0.05513256823698905
0.057984800652408276
0.058599642734874856
0.05708096792954
0.06983624852601358
0.055933508286578906
0.05659610329680009
0.06861148618020774
0.07271321125556397
0.05566627829427019
0.057957276767187156
0.05809782038510193
0.0750419040248408
0.05613644886205443
0.0852982757883425
0.07024393586862705
0.07945521577046603
0.05676577383600137
0.057305342614323324
0.06995649212456992
0.05623944051671914
0.061176315577899834
0.08768325562215455
0.08482317709333984
0.07349584130686276
0.05436969875750697
0.05512356853790532
0.061306448880538704
0.06588081174173982
0.06511136393573624
0.07094713441758994
0.06204713156405471
0.05723700672054284
0.06035634359589887
0.07041027906466744
0.05474962561143688
0.074568950228091
0.0703971160021388
0.06565287383205645
0.07163124578995837
0.054774311684567645
0.06764041218652281
0.06406402963967828
0.05483279721780587
0.06441822414766787
0.05704924571435629
0.07717673643208246
0.059395852441612315
0.055710083651768855
0.05474374258711789
0.059315224037593574
0.06605822435490283
0.060681264633876957
0.056407676894636494
0.0643129813399278
0.062470436148622244
0.05581448970672917
0.05500253280314742
0.05905947157100131
0.07571669343857035
0.09164165314359214
0.05548378902068027
0.056766666024998864
0.0700658220987382
0.05598034479781313
0.054624483063492754
0.056006152513116546
0.08055869855125937
0.0563296688259449
0.05791704820902075
0.05496992662981902
0.07845794244948717
0.07211911839931397
0.06354657264418978
0.06288466264985493
0.062249721471720865
0.07642928353050926
0.05554466778152528
0.06698675470839238
0.05543139654203135
0.06635169184163835
0.05671589388453442
0.05467132581296021
0.05446435181095504
0.05503200693806659
0.07802468465873307
0.05513943069244553
0.05584657170038753
0.057888907637644864
0.07469099645249845
0.07323994847674939
0.056332492898219164
0.07253208337050024
0.08147179282476216
0.06290676891233651
0.07450597163547094
0.05581331898559512
0.06604494576619847
0.09879194986863482
0.058377999937155735
0.056210132489685476
0.06510040289410489
0.05997683709288539
0.05609431149701152
0.08360235817909183
0.05853267123164804
0.06479951019271511
0.05810586743538333
0.05780960458640281
0.059181211525329507
0.06544560158537609
0.08871607344122763
0.05637035512679074
0.05492723512482957
0.054797676648818405
0.0574467972825114
0.058238660014101294
0.08150775106775755
0.05786375623578446
0.07919715493066924
0.07158075861093173
0.0544002354146446
0.0650596986404834
0.05487822224951549
0.055522674908181024
0.0742410838417548
0.05527153701210117
0.060487191389864976
0.07123177762299866
0.056285486397544035
0.05641499440947467
0.08221005702383039
0.1043778560907689
0.05825096581032551
0.05606914130276082
0.07458768241754836
0.07713972566543137
0.05535317377533384
0.05961994344976864
0.0559840202764663
0.06498127828715808
0.06397393836200709
0.06836011862003158
0.07506373012984616
0.05815040452897194
0.06108370963972235
0.05618153226394049
0.08173121192544382
0.06546203770910007
0.060858020678083234
0.055404598099901135
0.07971881237114666
0.06364086498081045
0.0570325144645491
0.056799444787221716
0.056803669370634635
0.06283802975671424
0.05518708213964314
0.057490615268025305
0.06056174172583304
0.05485153768348115
0.05859273360198138
0.061330282151413014
0.0600537889832036
0.056600603448831534
0.062007392528771126
0.0562043928570679
0.056742587945064156
0.06867315927573572
0.06391722406037187
0.05843714113994242
0.0568055564522836
0.05650714967977483
0.0603069054117087
0.06051055953430878
0.08603090020146066
0.05660211202609763
0.061457574194110444
0.07979312501801902
0.06764975327115545
0.06596379583421472
0.055185364396488926
0.056284123419545515
0.054776869011226074
0.056883916698927346
0.05624796942403775
0.06292663107214704
0.05740552880030028
0.056460197475668224
0.07764624645764696
0.07038699767789529
0.05920206156791533
0.05517516346273158
0.056611629445967114
0.0839064398378637
0.0617377576414227
0.07032090186968654
0.057449302660752884
0.07881241183495877
0.05526010370856524
0.05774496822306795
0.07715400546652
0.05805950870506406
0.07074165251782683
0.054658940000393647
0.058180817704663386
0.0790569415042095
0.055174068190685835
0.06705674374662998
0.05702291134054817
0.0687332054069178
0.06958692203273818
0.06734176900890111
0.05589293044715436
0.07761717793319159
0.09518780193762061
0.06210411856082469
0.07802915489276548
0.05878711415077283
0.05722434242083587
0.0663635413808159
0.0545025369616395
0.06117525574641496
0.05804475059784156
0.05879140808459948
0.0894636079841112
0.05654725182402471
0.06275513546525682
0.06016101610115704
0.055970386193357195
0.07159521841573664
0.06128495075900265
0.07373481762791198
0.06866877796176997
0.05603078362481996
0.07241853660800143
0.05865229376839393
0.06014022238631915
0.075970861431271
0.07899959286296745
0.05973476910894989
0.077061834365589
0.0617651925405709
0.05726857260255291
0.05510299350402034
0.05462483500759922
0.06684397120763322
0.07067621032322703
0.057221803117933526
0.057696319262249246
0.06890818588289359
0.05664600045973881
0.08400842974334531
0.05874225073864594
0.08331187996301857
0.05942654263972002
0.07516456000922986
0.07046978384530232
0.05551629788902927
0.05662485992427627
0.07329802003682823
0.061456436354293494
0.05854873375513344
0.05599203190355513
0.05748044639046949
0.08641804487619603
0.09570537429217225
0.05905355484399582
0.05445526504451257
0.07722383455152981
0.054814149364830825
0.07438856915507008
0.06420990049134911
0.06104915395529551
0.05732290839963494
0.060634685369855064
0.055075565948270684
0.058449015702262616
0.054408694064002866
0.07493507752167457
0.0792931906914819
0.06710032529458686
0.05603343075095508
0.06454564771391043
0.05850736243829266
0.05822047831212628
0.05689692273055885
0.057054433073454806
0.058062420050619616
0.056018683199548544
0.06495367526547287
0.05418724699697543
0.08013719224675413
0.07400287014559039
0.05486645045489267
0.07371671613334456
0.05837889991182002
0.054863671538458704
0.07398568019093078
0.05606325859470898
0.05545797772449009
0.05820267583305193
0.0764858444070543
0.055468956245105006
0.05627222955578685
0.09421114395319917
0.07935869314203924
0.07391793160134204
0.07256184724697606
0.05613139921471446
0.05938400037880067
0.05480348399024529
0.057093640694333196
0.07367692633168277
0.08583603161092399
0.06809711774945099
0.05548141060203934
0.05481505469547809
0.06598089888599387
0.10684265307056667
0.05490804706608643
0.08809211727858292
0.11174915285251567
0.06606047729969922
0.05958407824200016
0.07131868975206002
0.06175921164968873
0.05661455324165531
0.06731819457324054
0.05710254628196958
0.05758803660098454
0.05687856431965027
0.0783331115794279
0.0602228515377944
0.08781866407526735
0.07866060569233198
0.058822879129818685
0.09527072331649195
0.08424389038927471
0.05731359472079493
0.10934265162592041
0.05729078402476633
0.06799767797893042
0.07059051433760741
0.06271524151860244
0.05511266093856957
0.05540120447894465
0.057081457162307246
0.059219774907242305
0.05474633607683941
0.055798610890632955
0.05549414226755207
0.05719310105650579
0.05774637842737371
0.07602237528451275
0.06020268191930994
0.0561617651348229
0.05490933165912499
0.062231789813123266
0.08208735537779718
0.06306857302422421
0.05646724883071749
0.066525426791442
0.06973040538171175
0.05590451255969497
0.0687266093198987
0.08744090037441378
0.07734811910272602
0.05449624733816206
0.05449253309953434
0.08469731563755163
0.05699658643838487
0.06551715031296979
0.07531130493060226
0.055513311747142614
0.054694455573858276
0.05478433198875403
0.055097657765736184
0.054961158121670246
0.056713461480877685
0.058440965099137286
0.05494040927451334
0.055218937133397684
0.05520483765126598
