43.541268990041594
10.610322679750182
9.318911162960934
4.26737932644726
28.78778980931435
32.62143305768222
56.43300639276908
12.721717858180863
4.071725355229777
26.659648199202913
30.48554446049195
8.687559162994305
90.98120106576096
15.094439547832105
16.8100846924821
21.568739562519397
4.947088457924147
45.14304749174678
4.205259864302775
8.587015902236537
27.59290526661938
26.09799346995655
24.167180877771976
11.575836902790225
12.39057366668201
17.758615403590213
5.026246899500346
13.956699956802487
6.324555320336759
8.64809075369879
5.375382483331327
7.50087714169062
5.27656187902292
3.6490806340343056
4.628288304716869
3.34821240601451
14.823523268955432
18.69843787452226
3.9202577788496993
6.104355649430728
9.219544457292887
28.513154858766505
36.46483525982691
25.096655260475607
8.22064154238713
5.316310552886922
3.620119218740556
10.354251605779602
33.17814753243783
4.67355381515586
4.594046490610944
8.885233166386385
5.610141193457284
12.47101903572734
5.424117682312852
32.675437419050965
16.98916063104262
25.11342689730567
56.90250202620361
30.672291627529408
3.4943563521469123
39.02360958782719
14.607135963378708
32.330529811537836
14.414904567294593
6.977407149243606
5.088687143272345
6.198471798078858
11.227316312411768
23.565139283986507
6.727789971063071
23.83827086629265
10.346624163414237
6.735608439675779
12.061247207918687
14.063764563025453
12.975685764252754
3.4792618696922966
10.262348146193649
5.140141304631513
9.233805168766386
24.34942990794867
26.802395808073417
11.336944729047314
46.279471406706996
3.5093859111936108
37.30316763747381
3.9135392515834324
15.454517309290443
49.47248038848946
16.73320053068151
60.84536050297378
3.7063246087280532
61.34930188767647
43.47352491368802
8.59007995796375
10.31605799865331
6.21966321647047
23.0137258814684
9.795272758890006
11.08816343769574
38.17273758504677
6.061092484467067
19.051177612448335
4.26737932644726
11.887631785754648
3.8661826678330438
6.095727580596274
38.87293741355153
22.419446446051438
4.0
8.768964411041093
8.879307701795106
7.937253933193772
14.321496540442089
23.69099318084273
15.200415506786232
11.147338601421275
30.627644891159154
5.548826333938604
13.216815445723519
11.59854800349913
9.673621212783818
4.795831523312719
32.514773969932335
8.274882730922917
5.457973404498278
30.31848489479297
5.7077970679081655
54.59130449362599
5.482028053462274
3.605551275463989
4.768316485434157
4.599771161355976
10.308402295930094
6.501012066958255
9.864876556434156
8.239826262859264
4.844964830680024
3.4335803011158084
17.382689513905554
5.534580286468742
3.9669688813076363
35.694611122099296
49.36598018878993
4.8666426339228765
3.7626978003610794
11.071537714717909
7.20380016672487
5.826437026266793
48.50827384662278
20.49518557073703
4.790341159150633
8.091581069885311
4.1612245161351495
7.490344662156391
8.876343486155237
31.14735774888204
17.274867658873077
17.83698109930159
10.26747547509021
7.462185372015076
4.148557136618643
12.479456803293289
5.457973404498278
3.612842589838003
10.174788242979492
11.805440315915014
6.026258331144144
3.8797721039962343
5.600751829230749
4.065257161542635
7.192832689925656
30.133038346638727
6.893933259720004
11.210896954584669
19.501686836622216
44.634775208291764
7.152474728151236
11.213244049126157
60.554890280159086
4.861232245775594
10.84095548323457
42.35315187426091
8.729864049101193
16.210782636387748
10.047256760979717
18.65052560286594
30.631081565866015
10.903886318286029
5.0990195135927845
6.16868151057804
19.18058228631512
47.00727827184122
15.899354505268775
8.287593771796239
24.625617812180447
29.354458103094252
6.3328716359874795
35.89384934849746
61.192104753885744
3.7696851746252595
7.783247867594932
7.0710678118654755
4.097496026137247
10.018404117055349
37.807685100143054
6.996239591455729
5.083513082815652
22.17632687539148
6.766791978789545
5.394929393226081
21.483163542399282
21.630874620368573
16.277203949728364
21.760659819717638
19.72441714167867
9.564187587585593
4.872047013860104
3.620119218740556
24.26389997723497
59.93988216274879
16.846052169105096
27.663390209711046
4.616902584383193
8.265336621921954
9.253733243797793
4.129483209670112
6.185722099701605
20.713585676529966
4.167543767332454
17.181691602277976
18.34752241986281
71.23164583540839
15.758038884127815
20.663978319771825
7.943882121349406
5.226450944348776
23.69321466269682
4.547989723637883
4.279695021106551
3.63462877276201
16.33852405883263
38.13894266190951
4.26737932644726
32.046840717924134
4.729526514634586
9.781830632673815
27.274433758413856
18.796696238267092
13.45362404707371
4.436689140148968
15.694450913417908
26.93071031173773
15.502122095819146
35.476456240278864
11.021510069429066
4.406932337985115
7.762934876368399
4.605488716280767
4.542199791661351
25.49716186476241
20.241957467232837
19.243590867446862
8.182137154866853
5.201214433086505
30.975372220693753
51.58743217000374
50.19855313494708
22.578517969171727
43.998205705041634
8.372888579092328
4.35285750066007
11.56673997651069
18.054012529658127
79.89499687912748
9.386440388022221
4.322523629353088
66.99489375671615
40.19426510546525
3.90006747579955
3.7275644651843733
9.915431885383724
8.12403840463596
5.467607963461285
45.896909654022174
10.750764966662654
13.521912041688404
4.729526514634586
26.0161892917306
44.10334752779991
19.90239340275171
60.896374449162664
25.529137120264426
31.20391338480345
24.404486213981663
30.088466053850006
20.445048300260872
45.39475972539469
3.720497985909668
45.18674700908617
4.0
74.24426258180351
4.489754418322021
36.87889140930008
5.808342457643416
19.340440315022494
59.78250051997702
3.3086807674740446
3.583588322220885
45.73838650411709
32.83371181543365
39.60462492928665
39.3580059400746
13.764944032233707
14.540325052473172
4.839530207734936
29.616851533153252
3.9403446282620616
27.44372231926351
21.16352373405963
8.660254037844387
15.529259310631724
10.976050483235138
21.88606862823929
27.77920464171564
44.28674507653147
48.81759820737643
11.695703214608796
23.64651971721932
11.130801266849806
32.50748901569088
4.67355381515586
54.86730404012556
4.605488716280767
25.22634379081978
8.357158922932953
12.135203249008104
39.5780375035395
7.50789058608552
3.0
33.34350721931049
37.98199019202875
30.539017321246085
39.82197224754458
32.807252086599455
33.201933995667055
9.22525138724657
6.9698599245911
8.711758539015257
7.796760460871587
9.363984756839141
5.350848432479509
40.36348010659871
4.291975376394761
4.370956778314644
11.973655292041423
7.940568718860594
6.668859288553501
17.83845638825819
21.001253095445218
5.491620410847977
49.82390041567981
3.6992175559590694
9.35836242984963
6.824877095480992
10.79229744820473
8.642002691871589
4.129483209670112
11.657389795408973
8.747932086468989
12.096106376585988
36.91098823699494
43.67403178814133
6.2786186881812585
5.3410032568304695
5.717010628494212
60.425682932795524
30.96517568597275
25.85180437558826
20.550323342314694
9.389243565742776
12.492102768507285
4.412899750790438
41.48937720733624
6.35775531391221
44.746655270475095
8.693615322086725
42.608993367474355
5.652200316783954
19.98288741582868
17.71855999851717
71.31804230273526
28.164927798500333
10.287959237047836
10.77765720074832
17.0386557413924
27.7261039835254
47.8533945339414
3.8044295512634103
24.51959474207903
11.220282386914567
8.729864049101193
7.6295823159455765
103.86909778025517
50.713851528375415
35.90337911087127
5.03670736221905
31.34275707484317
5.266577836248427
11.047743279916824
8.562463983789025
9.668178950067396
4.553772293962793
3.90006747579955
78.15066420568333
56.4362705321582
3.4259074863841783
5.520297474822015
6.034985719252279
10.447865558899679
15.741330111658625
12.696870729269849
6.747319155744279
38.36596627769269
13.996240096615422
4.801315609179152
8.768964411041093
63.017123821520464
11.028670769742309
4.394973205115614
10.326256773263408
7.0037583895325355
6.521220421782543
58.22189857505688
23.02630075187479
40.819242108542255
6.2281195945654835
5.124759301151308
8.917752844157192
3.069373328804912
24.890285570669406
4.34074938958216
5.482028053462274
21.651546681108268
6.48074069840786
23.336215360859633
6.1430319961126
11.91416671114907
84.19682454319697
14.478659431983626
32.315875192754476
25.604275958683562
37.783315727559184
33.34271797717251
32.81046046292971
43.989831360871285
28.594257796756473
20.44633540708328
12.135203249008104
3.684962329308273
5.964809080634606
21.483163542399282
9.670900464252213
12.622035868816258
20.243257486980955
7.472757540771539
24.745015447028603
6.593457682470277
9.643650760992955
8.12403840463596
43.430525282522076
6.236564506369293
51.574677589113946
4.129483209670112
17.72004514666935
8.27170191868511
17.470275507724242
33.972124796042635
9.478507544078756
9.744094027720209
5.0
11.073914346217801
26.483361211383865
4.553772293962793
29.714430306183772
38.508372295412656
25.65869094581077
16.34013463836819
9.0
6.215430712940851
10.397368088025678
23.308006304588492
8.075303481342944
33.6201693849642
20.70469054408483
45.68715125145892
23.14940035599422
16.153865432801297
38.0691890890092
11.825485413426287
6.460405722960684
27.810448623342612
37.24315549975522
20.483626323686465
38.28288060436964
11.541686458910132
14.332517316632796
6.017518285455348
5.261578710455237
3.953679165962815
3.8661826678330438
5.758289219624358
32.514773969932335
6.56145041731989
4.0327605798927415
6.708203932499369
11.623478961046677
7.3913178085757085
4.013136324359632
27.206810292935653
4.8558158293350715
16.91464640948473
46.44634708881568
8.614553169827758
12.388449629010337
22.881847551463608
8.413648060396305
7.200146197346127
8.178920273612237
5.652200316783954
41.6343734506907
42.86146594737393
12.65950859610028
36.48792157759375
27.647213621857656
76.123514590987
14.95431639853084
10.503132364855935
10.568075062484928
22.66344146301193
22.6669246631344
31.636088653042396
5.355764233637977
29.75160322968902
10.77765720074832
4.530597729822599
27.43605004561085
4.9736145915484
7.20380016672487
52.802511901972
13.054541456197493
15.40847340366913
20.174241001832016
9.497922210451582
7.48683054295657
9.043753296293001
4.530597729822599
12.717580041236742
16.009865379624035
54.1600940681761
12.540460832630389
6.039344683864824
7.914011558455574
7.18551173872595
24.262815387467214
23.911019261111875
12.492102768507285
11.26709227889133
3.953679165962815
3.1034785237485405
3.268671064257734
8.684529499724148
8.831760866327848
4.501461750891242
6.353614802034475
30.163589064684558
4.662278638741271
13.613074210981303
8.708737294416332
5.03670736221905
10.076026785865235
4.394973205115614
5.96921929127825
16.5147462016606
29.779894312491404
15.786403210224597
37.83134317356165
6.805570473787205
8.69664182011473
15.480038079648526
55.23442862258247
26.95122299734525
5.316310552886922
14.745204394364256
3.8182387783402247
7.48683054295657
4.599771161355976
8.347706902276565
21.429197985827408
23.233369830573665
5.3410032568304695
10.76299703907596
5.365582324800406
16.11635325082145
36.854621933954725
6.755115021031723
28.92094487791813
4.553772293962793
12.779506620902241
6.984946219135157
4.489754418322021
4.406932337985115
5.960395606792697
18.337479594937165
8.460434230488472
16.1245154965971
36.187377851807305
22.21900561515559
19.169603131273384
29.539447309799503
36.26002583678355
8.23023949258241
23.403778372418056
18.812090177386064
5.558303414001908
34.00696523082479
4.5595475306449575
20.862961388420793
17.522917325004627
3.3166247903554
20.43861155032952
11.77419122264321
20.969903245014347
6.091408963277276
3.4716900176927328
17.30986940873236
15.36571713776792
27.75835578324973
18.79529616406022
6.017518285455348
50.61308339279791
32.05094628704021
7.674290640971663
19.266824500051623
6.18146635643918
10.563093645728085
46.422544432408564
5.150370451673713
46.81374067289938
3.576237364075618
4.006573545930159
44.737832806367884
24.20200078723375
113.50539055133252
4.751730986537543
4.478016478190693
11.796520450405794
30.86387771114351
38.276693472110345
19.283207857178688
4.4188591049583925
25.14379697491589
27.238710843596337
22.64020643387381
37.73313495701372
8.690587770080553
8.23023949258241
17.682879022555003
7.305369330337213
25.297181037045462
5.32125826038205
6.134458325505881
7.701674459082532
6.836434897317692
13.400706972709353
7.577668020676212
5.721611845036603
10.510646231822586
6.609403189873938
3.531810330485814
61.78741142438576
13.605339509100636
15.367429672422194
3.4792618696922966
11.84993892944512
3.797506106852094
4.091068577433426
7.3089706957668765
19.476031153027154
5.175854874724612
7.6708607902345545
26.38580160457115
24.013154289833903
6.56145041731989
6.082762530298219
17.470275507724242
20.952326839756964
23.053713024381263
4.230217115244236
6.513144603920517
5.880386668274549
7.973640785012895
14.71483318931865
22.190562242349312
5.201214433086505
41.177408215773134
17.021658030440605
25.057827855624385
13.94538218230416
36.6771117499155
28.305662442624257
5.345928111041249
7.615773105863909
28.247962199441087
40.16151601248455
15.761378513048246
7.093362353192187
11.40175425099138
5.572488813712179
28.105066035184926
6.664912049800728
3.9202577788496993
12.83088379447684
4.6509761284453415
4.230217115244236
53.183891506634545
4.376973239219325
3.7063246087280532
7.063620660971628
13.77258910032227
3.1034785237485405
18.786893527697778
11.17798588391722
9.24235103377809
4.46624768917406
5.175854874724612
27.13416956338883
6.75900958175943
3.4792618696922966
18.51741712124305
4.662278638741271
5.808342457643416
4.740641750915831
10.667214898192054
15.456220004972279
44.990057381135834
18.245403170171528
48.00877112844233
5.529823448214333
27.809502351761555
11.79428942996969
9.88885603516456
5.666150647299694
6.048053188292994
18.673087868007148
32.82729929414493
53.90439880497988
6.935795784039113
7.674290640971663
11.262420044695451
4.806793438238712
21.489287416855184
18.193405398660254
4.483889289210287
26.10001008267601
6.589465276604692
10.992820623623306
4.941766144970738
10.992820623623306
12.750644978526422
6.56145041731989
25.35536899439851
35.87918323309052
5.8444755741505245
14.786195553534668
6.8094361772933585
10.508142206478695
7.178183320971518
10.151484205718264
8.146681597597366
34.14828345843895
4.679181214924815
7.377062601847632
4.370956778314644
19.408354142644754
9.4228166534328
40.43122816000419
6.370160701930608
38.04637059943397
4.565315461516093
7.50789058608552
9.500692495536146
6.6570105508166515
27.10894200890373
57.22577630477554
4.925764701519637
39.69223707742518
4.304220694791763
5.062763963228823
5.078333750770081
12.416033776405495
5.201214433086505
50.97264488248368
41.82419345181371
23.115271780225388
36.72658581005261
4.74618960740863
4.44853612823483
4.633970674327397
3.34821240601451
4.148557136618643
4.376973239219325
7.272876792721382
28.265657049165736
4.790341159150633
7.416198487095663
4.298102396468273
4.790341159150633
3.960329598192023
10.241813161843233
5.515528318445926
29.901592986961326
3.228165521093822
23.539440587190995
24.464797481063965
5.350848432479509
19.388004973232942
12.041594578792296
18.25982071739969
13.684412953968353
5.005260390723681
40.19033662330706
10.015777027953657
16.878825102539135
7.810249675906654
8.026272648719264
16.29174799190004
9.660009807121533
29.34728535818495
6.0
4.968320694793744
31.39896076054278
14.72913332212906
5.424117682312852
60.95425376978689
22.128809514438768
23.509236706586538
4.071725355229777
9.228103528723663
32.68349011834246
9.795272758890006
7.326950970650465
34.70856105525431
4.839530207734936
5.241534528220368
3.5243513774280433
4.211513042276274
6.786208925382962
13.428171486605473
8.574748730398674
26.905291985817684
16.285285576734278
46.67412221146238
10.672147714593594
3.4564965530219514
17.495864172937978
33.0294924033212
7.980238751210129
43.527365862723286
19.731086880191985
11.589468903866312
3.6706517419289884
7.298161268068611
16.018081887929686
3.4943563521469123
15.74968671367616
24.532470427234962
5.026246899500346
59.830022387989864
40.01907439945949
22.391257692515435
45.10689059276164
8.085073967047647
17.79118646379363
39.85566062945797
26.638910994020915
4.123105625617661
51.776849124518556
18.05692752322353
8.419901237075484
34.89306973869559
10.622716472878201
41.70194997333994
3.8044295512634103
56.674509261219015
28.90547207345823
5.453149741687199
22.69129209282947
6.893933259720004
21.375096183224656
9.349922600298836
20.91964576534145
10.765441785737604
7.437458535930416
7.65368848127627
24.16064655809656
12.31387749441127
5.286527066142065
11.789826122551595
15.017533612064055
8.175702126616276
20.850343932541332
6.324555320336759
4.633970674327397
51.27582789498176
6.121575304652089
17.32658438111186
35.56831825034598
5.3410032568304695
19.21485171204268
21.616270674997036
12.266771547987936
13.806939521391712
5.978029951853968
3.684962329308273
20.454056347155973
5.767422118653779
9.13639339184376
10.513149660756936
10.930401832070325
33.61390689643358
30.582932976967466
27.342852428877432
7.240238437481112
22.99771155663331
7.05989413965662
17.970736446263203
8.287593771796239
18.444796727418534
4.316431274486879
12.607433062326868
28.435522632236268
8.416775229454442
8.599265574515805
8.140218540969084
7.701674459082532
8.81087844357011
7.598476301553039
7.207452283647297
8.513147726342256
8.460434230488472
8.169262029416315
8.413648060396305
8.497677701336377
8.06225774829855
8.385451059643971
8.350858764538122
7.567242423415339
8.81087844357011
7.923980924018592
8.02299327262784
7.535879091666116
8.236631912569475
7.823715633622522
8.565536822209777
7.3841936451770875
8.675434161742963
8.281240690163585
7.490344662156391
7.7323653356660875
8.447983253571918
8.243019375268545
8.376030965609075
7.553319242488521
7.6364775566804495
8.107825978970144
8.217439734459491
8.175702126616276
8.287593771796239
6.920602346769049
7.684571008127088
8.99707554825748
8.094832659757316
8.278062320946471
7.973640785012895
7.930620205387802
7.887364979243034
8.522416262267903
8.54708322054649
